4134
23650
4837
4808
12876
8151
26484
37963
7922
16276
9318
4812
4538
3786
4766
8560
9829
8972
2516
36866
23724
4816
6128
26496
3462
30083
31452
58001
701
9498
21928
39015
36351
12322
17974
38283
9394
24940
36352
45899
6830
33796
8402
17964
8075
24961
17621
2527
4847
18881
19994
33387
3269
39684
50307
18978
16265
29073
9808
9931
44050
14618
40676
13768
4230
32613
17816
2119
10620
7643
8708
4755
9891
37943
24139
46664
4835
9121
51832
29339
50104
48943
15395
19429
28573
7506
7018
4750
27699
6939
9198
20852
4788
9929
4809
3215
3549
6724
33070
17494